[],
      [
        [73.39685682666263, 34.29079478505625],
        [73.40665797476261, 34.436683203737786],
        [73.36049952658637, 34.431878474939595],
        [73.31434116279158, 34.42707378604806],
        [73.29188065477832, 34.38579150198741],
        [73.26942019658183, 34.34450907332669],
        [73.21848497458593, 34.32520451268357],
        [73.1675497708665, 34.305899953961166],
        [73.11661462438033, 34.28659541872757],
        [73.06567939378256, 34.267290820683215],
        [73.00483944013236, 34.26597989892537],
        [72.9439994678071, 34.264668872750434],
        [72.96606201354454, 34.23740761371044],
        [72.98812448388915, 34.210146335323444],
        [73.01018704861978, 34.182885094712645],
        [73.03224951712565, 34.15562381533612],
        [73.0543120591458, 34.12836255416936],
        [73.07637457416008, 34.10110124737251],
        [73.09843705173371, 34.07384000881595],
        [73.1204995714742, 34.04657871756473],
        [73.10800967839688, 33.95376253402587],
        [73.12826062347996, 33.93045593089113],
        [73.14851166235343, 33.90714929752607],
        [73.16876269687484, 33.883842724416134],
        [73.18901371894977, 33.8605361493825],
        [73.22464636029864, 33.87359462281704],
        [73.26027908106792, 33.88665306564015],
        [73.288609983108, 33.921364989893064],
        [73.31694084396663, 33.95607685388717],
        [73.34527173136452, 33.99078869354039],
        [73.37360262302455, 34.02550053218731],
        [73.4233282981371, 34.043825249391986],
        [73.47305394940639, 34.06214994939882],
        [73.47577398195416, 34.152130142823246],
        [73.45604468523047, 34.186796270776114],
        [73.43631544868808, 34.221462409669655],
        [73.41658610003964, 34.25612864572956],
        [73.39685682666263, 34.29079478505625],
      ], //AAW
      [
    [71.7817882863707, 32.974008868540494],
    [71.82749630151974, 32.99826859231456],
    [71.87320433335911, 33.022528354721345],
    [71.91891229167132, 33.046788112758584],
    [71.96462035752356, 33.07104778088785],
    [72.02456407963858, 33.06081416803292],
    [72.08450774350352, 33.05058057354347],
    [72.1208628112224, 33.0543017066372],
    [72.15721786749792, 33.058022807528005],
    [72.19357286665218, 33.06174387560587],
    [72.2299279437127, 33.06546501989372],
    [72.26628296254094, 33.06918614335762],
    [72.30263805804266, 33.07290727176218],
    [72.33899309402642, 33.07662839121036],
    [72.37534811495885, 33.08034951420261],
    [72.40716944694981, 33.10498380994112],
    [72.4389906467679, 33.129618105727026],
    [72.47081195447448, 33.15425241101047],
    [72.5026331586264, 33.1788867529396],
    [72.542310307625, 33.17559812925912],
    [72.58198730124403, 33.172309562424594],
    [72.60007677311195, 33.21309581580407],
    [72.61816623866719, 33.253882141087],
    [72.63625569222054, 33.29466837911872],
    [72.65434521830136, 33.33545471590406],
    [72.67608382436477, 33.35306142441733],
    [72.69782254750285, 33.37066817503311],
    [72.71956119739801, 33.38827493145483],
    [72.7412998543582, 33.40588169614598],
    [72.76303850847665, 33.42348845865387],
    [72.78477724001658, 33.44109522138045],
    [72.80651585871213, 33.458702031137136],
    [72.8282545349859, 33.476308737240494],
    [72.81141870239634, 33.501973126179166],
    [72.79458279520104, 33.527637509547276],
    [72.77774690817057, 33.553301794386414],
    [72.76091104591761, 33.57896620641854],
    [72.7440751228662, 33.60463054404684],
    [72.72723923380246, 33.63029488006224],
    [72.71040329313628, 33.65595926132988],
    [72.69356739566392, 33.68162359500789],
    [72.66174502649748, 33.709018120511786],
    [72.62992263860163, 33.73641257697855],
    [72.67999620013312, 33.75307064153116],
    [72.730069676268, 33.76972879637365],
    [72.78014312644895, 33.78638687602351],
    [72.83021660989706, 33.80304496282063],
    [72.79411346404545, 33.82804764736209],
    [72.75801034111905, 33.853050432051226],
    [72.72190728656739, 33.87805310960912],
    [72.68580416540142, 33.90305585975303],
    [72.64970102295047, 33.928058640177206],
    [72.61359790452326, 33.95306132616853],
    [72.57749476516076, 33.97806410985851],
    [72.54139165009204, 34.003066784023474],
    [72.49612956852525, 34.002201718699226],
    [72.4508675030588, 34.001336734551145],
    [72.40704455527727, 33.974457230374306],
    [72.3632216403659, 33.9475777665201],
    [72.31939865817431, 33.920698283416016],
    [72.27557577943752, 33.89381884380378],
    [72.25587766720571, 33.83241928664439],
    [72.23617962114136, 33.77101970679975],
    [72.1829925531832, 33.75212982076108],
    [72.12980547279746, 33.733239932476984],
    [72.07661843273371, 33.71435006288442],
    [72.023431395155, 33.69546021936896],
    [72.00505655060434, 33.66533112118422],
    [71.98668176079997, 33.635202098944355],
    [71.96830694118964, 33.605073090391436],
    [71.94993209764658, 33.57494404674059],
    [71.94332365648705, 33.45836980507346],
    [71.91800155994957, 33.43585470444369],
    [71.89267946754144, 33.4133395314512],
    [71.86735730415246, 33.390824458046794],
    [71.84203517559907, 33.36830935250333],
    [71.81120833720715, 33.35543259835063],
    [71.78038141202968, 33.34255579241818],
    [71.74955451819949, 33.32967903980879],
    [71.71872768335888, 33.31680226652039],
    [71.70441615052772, 33.278605586205806],
    [71.6901047194582, 33.24040896259928],
    [71.70221562998503, 33.206081686376386],
    [71.71432654770607, 33.17175436643869],
    [71.72643747094722, 33.13742713062552],
    [71.73854839803418, 33.10309985812174],
    [71.69678894410362, 33.07957583610242],
    [71.65502945367956, 33.056051836551404],
    [71.6719204576421, 33.005507948589624],
    [71.68881159907873, 32.954964006706284],
    [71.73529990858675, 32.964486467961564],
    [71.7817882863707, 32.974008868540494]
]
, //ATK
      [[70.35537086313748, 32.69506083129733],
    [70.37689610522935, 32.71657603742329],
    [70.39842132498374, 32.738091167185786],
    [70.41994651323586, 32.75960637020535],
    [70.44147166081886, 32.781121547736845],
    [70.46322765292015, 32.82388986879915],
    [70.4849835670151, 32.86665821789499],
    [70.50673957521172, 32.909426616781936],
    [70.52849548644676, 32.95219494581658],
    [70.58682054626692, 32.95064091958984],
    [70.64514559468786, 32.9490869163399],
    [70.67600925519965, 32.963430727253275],
    [70.706872924758, 32.977774591232425],
    [70.73773657620117, 32.99211841521953],
    [70.768600273098, 33.00646220333517],
    [70.7914330862692, 33.023948558678875],
    [70.81426593581422, 33.0414349351336],
    [70.83709871998313, 33.05892130752522],
    [70.85993160920579, 33.07640769394556],
    [70.83435415843348, 33.095405630249275],
    [70.8087767896228, 33.11440363214574],
    [70.78319933681001, 33.133401653351505],
    [70.75762199695401, 33.15239970540356],
    [70.70959855435092, 33.165765789243856],
    [70.66157512886315, 33.17913193698425],
    [70.61355173205844, 33.19249810113847],
    [70.5655283754144, 33.20586431663656],
    [70.53642156019619, 33.24804962893709],
    [70.50731481070338, 33.29023492399918],
    [70.44928519424008, 33.29045677802307],
    [70.39125551721382, 33.29067859428011],
    [70.33322586854159, 33.29090042505414],
    [70.27519624616347, 33.291122307627596],
    [70.25027437003035, 33.27553324261898],
    [70.22535243947421, 33.259944263300135],
    [70.22527214174119, 33.259841724194594],
    [70.22516958953028, 33.259698972693855],
    [70.22495113237044, 33.25956081434359],
    [70.22462113019749, 33.259471588685784],
    [70.22454982499718, 33.25944040793788],
    [70.20773455031451, 33.24892135333815],
    [70.20768104720206, 33.2487786935219],
    [70.2072618333469, 33.24855124230658],
    [70.20679810890576, 33.248279241861425],
    [70.20658409609544, 33.24820343113518],
    [70.1652482357822, 33.22234509367035],
    [70.16528838861697, 33.22229164244213],
    [70.1655692767003, 33.22185909082172],
    [70.16576994990024, 33.22167182664664],
    [70.16508326392692, 33.220900356508864],
    [70.15683833972327, 33.219580444850806],
    [70.15675812380017, 33.219638461205555],
    [70.15645933529323, 33.21970090665465],
    [70.15608033063187, 33.21973205652392],
    [70.15570123489428, 33.21979899606722],
    [70.15537128605537, 33.21984805237816],
    [70.15513054684152, 33.219847988930205],
    [70.15487191106143, 33.219821258482284],
    [70.15463108080907, 33.219741006127876],
    [70.15443040400163, 33.219678589914494],
    [70.15426988067809, 33.21958939647443],
    [70.15407819742477, 33.219451175590834],
    [70.15378831045875, 33.219210363084116],
    [70.15365013489404, 33.21908996486413],
    [70.15363223838538, 33.21906766080766],
    [70.14516440675602, 33.21771210013111],
    [70.14514214937368, 33.21772998218385],
    [70.14478984670201, 33.218028742333814],
    [70.14440193197821, 33.21813130345645],
    [70.1441700006478, 33.21814913590934],
    [70.14388910289314, 33.218042064818555],
    [70.14352789653934, 33.21794845209886],
    [70.14322919253588, 33.21798856666477],
    [70.14293039754301, 33.217979690568434],
    [70.14263169325427, 33.21792168943253],
    [70.1421901775299, 33.21793059021132],
    [70.14190927888639, 33.2179707670914],
    [70.14140089926154, 33.21814021241829],
    [70.14095947351632, 33.218300736292875],
    [70.14074988929663, 33.21827838895089],
    [70.14054030500684, 33.218100065046436],
    [70.14028166317935, 33.21786818489629],
    [70.1400810726053, 33.21768089553279],
    [70.13983133361698, 33.21739106035682],
    [70.13960839447243, 33.21711010563798],
    [70.13942106738747, 33.21691842561885],
    [70.13923828261238, 33.21678017558184],
    [70.13919367657817, 33.21675336602041],
    [70.13266998723756, 33.21570999601389],
    [70.13263882628128, 33.21572779975131],
    [70.13213943313575, 33.215821484221934],
    [70.13172916188334, 33.2159016938353],
    [70.13121187086661, 33.21590170544783],
    [70.13077043796125, 33.21592843513933],
    [70.13035126265433, 33.21576797764779],
    [70.12989202280752, 33.21566096759093],
    [70.12969133806914, 33.21529084237029],
    [70.12946839532877, 33.21514815054835],
    [70.12929896242731, 33.214889542185176],
    [70.12925435568805, 33.21475572847935],
    [70.11131537794796, 33.2088429458325],
    [70.11122171021951, 33.20882066845211],
    [70.11071784846831, 33.20869137448367],
    [70.11029875075087, 33.20854864082272],
    [70.10995088035736, 33.20849072071353],
    [70.10954958904611, 33.20846838828659],
    [70.10902782819763, 33.2085620509333],
    [70.10887183588476, 33.2086199752371],
    [70.10876926433153, 33.20873144872698],
    [70.10858192811294, 33.20879833206788],
    [70.10834117101022, 33.20887866230949],
    [70.1078595656806, 33.20899008655758],
    [70.10703908234417, 33.209088197267384],
    [70.10641038661517, 33.20907036644352],
    [70.10570137699027, 33.20908818475723],
    [70.10550068460485, 33.2090480723199],
    [70.10546061880194, 33.20886974022222],
    [70.1054115586317, 33.20865123292152],
    [70.10533124530781, 33.208388118220185],
    [70.10524211931103, 33.208169632551254],
    [70.10498791481976, 33.207879819784466],
    [70.1049210475744, 33.2077995119108],
    [70.10488089088292, 33.20771927131524],
    [70.1049121440548, 33.207549801421834],
    [70.10487198736276, 33.207210955355755],
    [70.10487198736276, 33.20702807112019],
    [70.1048318306682, 33.206831860441106],
    [70.10478722221043, 33.206689233458675],
    [70.10262902315107, 33.20598019478881],
    [70.10261121604796, 33.20598020449388],
    [70.10237936025199, 33.205980187792235],
    [70.10217866682477, 33.20603817952698],
    [70.1018710397473, 33.205788470699595],
    [70.10164808724856, 33.20573939323621],
    [70.10142958645633, 33.2056814239029],
    [70.10118873580862, 33.20557892333588],
    [70.10102819894412, 33.2055209375189],
    [70.10071166773642, 33.20555214118241],
    [70.10024786383326, 33.20556994455948],
    [70.09987781985173, 33.20557893571908],
    [70.09937840096028, 33.20557000414034],
    [70.09899936202241, 33.205431737092816],
    [70.09858016577438, 33.20525783585183],
    [70.09829924780607, 33.20515971208106],
    [70.09808074587318, 33.205030459889386],
    [70.09789794918862, 33.204838652236326],
    [70.09767054349898, 33.20473170854909],
    [70.09746094497541, 33.204620146432845],
    [70.09713096571349, 33.20445075266507],
    [70.09689910793688, 33.204410641916596],
    [70.09659147832828, 33.20445968970526],
    [70.09615892504716, 33.20461130423245],
    [70.09615447322653, 33.2046113063965],
    [70.09582004147089, 33.204865453152266],
    [70.09576207691637, 33.20496801772974],
    [70.09564160511391, 33.20525782473033],
    [70.09537858401883, 33.20564134515572],
    [70.09535178220862, 33.205739449146186],
    [70.09502180186404, 33.20594897724163],
    [70.09483010065, 33.20609165375209],
    [70.09477213600627, 33.20622993545787],
    [70.09467846585778, 33.206519738486726],
    [70.09450902370196, 33.20684083523058],
    [70.09441090168248, 33.20701022905999],
    [70.09408092085539, 33.20713958630668],
    [70.09371977699747, 33.20721982157693],
    [70.09333183104265, 33.20727783054613],
    [70.09288146819726, 33.20734021227296],
    [70.09259164404915, 33.207398204749346],
    [70.09239094756421, 33.207456172461065],
    [70.08740567771258, 33.21121519572121],
    [70.08748145054096, 33.211259787551384],
    [70.08757066985507, 33.21150058469513],
    [70.087757921349, 33.2117904087055],
    [70.08786049625887, 33.212178345422416],
    [70.08790065401365, 33.21237906570386],
    [70.08791846152404, 33.212499458047475],
    [70.08787839462501, 33.212749158253274],
    [70.08779807911016, 33.212949794210786],
    [70.08778917535338, 33.21311924371419],
    [70.08774901759168, 33.21332884927523],
    [70.08765089454349, 33.213440282380745],
    [70.08749934891759, 33.21360975240341],
    [70.08732100111207, 33.21372119848451],
    [70.0871604607886, 33.21380144796094],
    [70.08692859942478, 33.21392186689961],
    [70.08658971099655, 33.213988801089144],
    [70.0862195683119, 33.214037789537386],
    [70.08576920050342, 33.21401996621512],
    [70.0855284348528, 33.214051177352914],
    [70.08529203015318, 33.21414038827851],
    [70.08484166169899, 33.2142295421566],
    [70.08440028759006, 33.214269659010306],
    [70.08398998565775, 33.214349907578296],
    [70.08370015751966, 33.21452833625885],
    [70.08348165064014, 33.21462191222672],
    [70.08297776713509, 33.214702252252216],
    [70.08271919279336, 33.21476909345697],
    [70.0826923904576, 33.214773530404884],
    [70.08217960250481, 33.21516147538105],
    [70.08217960250481, 33.21518822018744],
    [70.08220195294494, 33.21534877954445],
    [70.08217960250481, 33.215509321890174],
    [70.08217069867071, 33.215727808086676],
    [70.08209937713815, 33.21590169553818],
    [70.08198789747851, 33.216097880162074],
    [70.0818496154291, 33.216249537598394],
    [70.0815910406373, 33.2164278765268],
    [70.0812788609551, 33.2166107252192],
    [70.08106035325925, 33.216722148043],
    [70.08077942766438, 33.21678905368546],
    [70.08065014006804, 33.216878261910935],
    [70.08044953073193, 33.21707889459524],
    [70.08022211889592, 33.217341975929386],
    [70.0801016441954, 33.21752036631683],
    [70.07996790453184, 33.21772099274462],
    [70.07985197257291, 33.21797073992376],
    [70.07979845851906, 33.21810001438867],
    [70.07945956636082, 33.218340871054885],
    [70.07930792796249, 33.21854148351018],
    [70.07917864007302, 33.218728773832815],
    [70.07892896809558, 33.218710920846945],
    [70.07867030128409, 33.218670836768744],
    [70.07841172522556, 33.21867084122507],
    [70.07805938565198, 33.218760022326755],
    [70.07785877551545, 33.218809069309565],
    [70.07768042505674, 33.218831367083745],
    [70.07731918118603, 33.2188313479671],
    [70.07640507702403, 33.21952252571979],
    [70.07587447626514, 33.21896954501818],
    [70.07585212560723, 33.21896953488865],
    [70.07562026020028, 33.21907213685424],
    [70.07541964931127, 33.219290605051995],
    [70.07521004357451, 33.21941105643904],
    [70.07501833649133, 33.21951802349734],
    [70.07487114902422, 33.21951800928917],
    [70.07463037933036, 33.219549267796744],
    [70.07431819630418, 33.2195804278036],
    [70.07404171976806, 33.219589377624466],
    [70.0737518871905, 33.219741011715094],
    [70.07346205448397, 33.21983019015921],
    [70.07327925084225, 33.21983018036776],
    [70.07314105779676, 33.2198078776162],
    [70.07305183649872, 33.21975882277272],
    [70.0728601287803, 33.21971874130011],
    [70.07268177695184, 33.21962953299279],
    [70.07249888223447, 33.2195983209186],
    [70.07217788507293, 33.219558149862415],
    [70.07191921557816, 33.219460038207124],
    [70.07173195951526, 33.21938876819472],
    [70.07146883785329, 33.21932184225238],
    [70.07136180836235, 33.21924160347652],
    [70.07125932170261, 33.219121223977226],
    [70.07112994135743, 33.218951694813015],
    [70.07096939703104, 33.21874218036851],
    [70.07088026629287, 33.21854148776684],
    [70.0707910446855, 33.21834974882101],
    [70.0707687847103, 33.21818032739558],
    [70.0708089435222, 33.21801979665856],
    [70.07081784751182, 33.21789044225846],
    [70.07075988071999, 33.217770053563065],
    [70.07059933630256, 33.21760061033151],
    [70.07042988785085, 33.21748021067441],
    [70.07026934335225, 33.21728846738291],
    [70.07006873081633, 33.217159185685176],
    [70.06993935023512, 33.21702989141753],
    [70.0698992822269, 33.216909513867954],
    [70.06977889647308, 33.216789119759866],
    [70.06957819292927, 33.21657054150724],
    [70.06952913003458, 33.21640110728746],
    [70.06939093619472, 33.21631198441278],
    [70.0690921975376, 33.2162406167836],
    [70.06895836475547, 33.216209407158686],
    [70.06861056293687, 33.216191517329655],
    [70.06823159684696, 33.21620942572156],
    [70.06809776388857, 33.21620940146787],
    [70.06783027960451, 33.216289693646715],
    [70.06773215354895, 33.21631197792564],
    [70.06743786615141, 33.216298616610175],
    [70.06730848504925, 33.2162896214447],
    [70.06722825785016, 33.21624954510888],
    [70.06716138670048, 33.21613804274772],
    [70.06709896756409, 33.216008765884986],
    [70.06707216458523, 33.21591066998032],
    [70.0670410004423, 33.21576790846097],
    [70.06699193735714, 33.21558958670242],
    [70.06688935915423, 33.21550037347322],
    [70.06680013700186, 33.2154290142779],
    [70.06668874558072, 33.21537997293101],
    [70.06659061935389, 33.215348770545184],
    [70.06640781378833, 33.21526852260877],
    [70.06622046528794, 33.21521944639561],
    [70.06618039705175, 33.21517040952333],
    [70.06615804606179, 33.21500985708775],
    [70.06613133390205, 33.21480035970807],
    [70.06610007885662, 33.2146398080145],
    [70.06605101570089, 33.21443910272621],
    [70.06598859645858, 33.21430085475832],
    [70.06585040187035, 33.214037773053974],
    [70.06582814172685, 33.2137479609747],
    [70.06571211639518, 33.21347152921676],
    [70.06561853290988, 33.21340018437848],
    [70.06536885573992, 33.21334222920306],
    [70.0651681508425, 33.213311010057005],
    [70.06498089284514, 33.21324853461563],
    [70.06481144293726, 33.21316828237864],
    [70.06462863687487, 33.213079144674815],
    [70.06446809095193, 33.213021108344954],
    [70.0642317694624, 33.21289180584222],
    [70.06416935004667, 33.212860612034675],
    [70.06402216013448, 33.2128115426851],
    [70.0639106773827, 33.21278922705332],
    [70.06378138644142, 33.21285166953003],
    [70.06369216386554, 33.21287847630404],
    [70.06343803391631, 33.21291860386274],
    [70.06321061614851, 33.21293198415164],
    [70.06289842766596, 33.212900744247264],
    [70.06262203715661, 33.212838342790754],
    [70.06251945826928, 33.21278928145851],
    [70.06240797526196, 33.212691178056815],
    [70.0622607849543, 33.21258861998159],
    [70.06213149368767, 33.212499405302054],
    [70.06213149368767, 33.2123701323429],
    [70.06214039779539, 33.212249745221634],
    [70.06213149368767, 33.21216054686651],
    [70.06222071647593, 33.21191971162588],
    [70.0621805571369, 33.21151838426466],
    [70.06221181236931, 33.21125087760625],
    [70.06222962058246, 33.21101898747389],
    [70.06222962058246, 33.21076035517658],
    [70.06225188084821, 33.210501719491106],
    [70.0622607849543, 33.210430374087444],
    [70.0622697799185, 33.21030111239559],
    [70.06230094428844, 33.210078105482495],
    [70.06240797526196, 33.209801630620326],
    [70.06259968604525, 33.20966784884948],
    [70.06273797217736, 33.20951185513907],
    [70.06289842766596, 33.20932901624717],
    [70.06300100649399, 33.2092085602182],
    [70.06312139349491, 33.20912834126859],
    [70.06322842433453, 33.209061454888875],
    [70.06341123078758, 33.20899901648184],
    [70.06354061265992, 33.208999043596855],
    [70.06371896698279, 33.208990093881624],
    [70.06395974069878, 33.20891877363597],
    [70.06421832248543, 33.2087983223957],
    [70.06445918687584, 33.20877161722612],
    [70.06478018782882, 33.20867799642624],
    [70.0649184735008, 33.20860214778235],
    [70.06498089284514, 33.208521919146406],
    [70.06503886014943, 33.20833018625636],
    [70.06514143864237, 33.20811163373819],
    [70.06515924677592, 33.20779949817362],
    [70.06471776846534, 33.20733581535316],
    [70.05506386554198, 33.190230669246354],
    [70.03983150525063, 33.164251968035344],
    [70.03617060210212, 33.1591819759573],
    [70.02094725925919, 33.13878157961855],
    [70.02056826592163, 33.138928703342366],
    [70.02048794220434, 33.13899116413445],
    [70.02040770934141, 33.13899114937692],
    [70.01619833284398, 33.140618683991256],
    [70.01613145655568, 33.14067226262297],
    [70.01594863710335, 33.140801548811325],
    [70.01574791727977, 33.14086841246517],
    [70.01557845481997, 33.14114045717115],
    [70.01530204464679, 33.14144812775193],
    [70.01503890060287, 33.14172013330684],
    [70.01490960015974, 33.14180036545666],
    [70.01473123274744, 33.141818174046506],
    [70.01434778354054, 33.141831559714035],
    [70.01399104837199, 33.141818189129054],
    [70.01363876539327, 33.1418182371252],
    [70.01337125918613, 33.141840549332066],
    [70.01320179612986, 33.14184049058309],
    [70.01306804295304, 33.14183155816297],
    [70.01305459494195, 33.14183154194961],
    [70.01249722916583, 33.14204565773839],
    [70.0124080905796, 33.142121458333456],
    [70.01227878963294, 33.1421883486358],
    [70.01207806871876, 33.14221058046208],
    [70.01207361633021, 33.142210580049635],
    [70.01051736844224, 33.14281257782359],
    [70.01038806713422, 33.14294186747919],
    [70.01005813515337, 33.14309800868473],
    [70.00980843714416, 33.14324956265003],
    [70.0095988106876, 33.143481469914704],
    [70.0093313028829, 33.14365088376819],
    [70.00908160460574, 33.14374011408435],
    [70.00887197792424, 33.14382037538351],
    [70.0085420452049, 33.143940779151116],
    [70.00830125146366, 33.144052235465395],
    [70.00802029503558, 33.14423059963698],
    [70.00789989808298, 33.144342019082984],
    [70.00765910411364, 33.14441782646086],
    [70.00729791299932, 33.14453828658807],
    [70.00700805131184, 33.14456944999209],
    [70.00678070516183, 33.14459176152626],
    [70.00645958541007, 33.144698805267204],
    [70.00624114393011, 33.144761208160126],
    [70.00566141952847, 33.14485933740646],
    [70.00534039011315, 33.14497972781049],
    [70.0051486628779, 33.1450510230117],
    [70.00497029289433, 33.145077783606965],
    [70.00469823996114, 33.14518039805849],
    [70.00450206010636, 33.145149117309124],
    [70.00447534547608, 33.14514466708035],
    [70.00429252287607, 33.14521604406769],
    [70.00273625713238, 33.144515947736735],
    [70.00262031169355, 33.144529313241044],
    [70.00237061094782, 33.14456945872869],
    [70.00213871992575, 33.14456943403174],
    [70.00179097411093, 33.14453825233376],
    [70.00143868479358, 33.144520389550735],
    [70.00114882060672, 33.14456948133441],
    [70.00101061259203, 33.1445918131724],
    [70.00090802424478, 33.14453825207057],
    [70.00072965314897, 33.14441789674077],
    [70.00068067605436, 33.14441788618457],
    [70.00044878445658, 33.14439110326051],
    [70.00022134524619, 33.144279612103816],
    [70.0000207116328, 33.144270714058955],
    [69.9999092181998, 33.143708896686505],
    [69.99929832109525, 33.143521574107524],
    [69.99899064610047, 33.14335217514585],
    [69.99879001212476, 33.14324959323885],
    [69.99862945038156, 33.14320052942106],
    [69.99844217373348, 33.14308905927438],
    [69.99829951269098, 33.14299095051428],
    [69.99805871532224, 33.14278140678285],
    [69.9976216451641, 33.14272783759899],
    [69.9973898433928, 33.14271892808885],
    [69.99713114489023, 33.142710063578384],
    [69.99688144213299, 33.142727887939785],
    [69.99667190255808, 33.14266094562241],
    [69.99649798284472, 33.14262084865992],
    [69.9964088421594, 33.14242908433272],
    [69.99628844315211, 33.142290888197664],
    [69.9962215649019, 33.14208126509239],
    [69.99618140160176, 33.14196985840639],
    [69.99606100255436, 33.14175131543847],
    [69.9958202043959, 33.14151056687768],
    [69.99565073696179, 33.14139012364854],
    [69.99557050115929, 33.14130093320974],
    [69.99553033782085, 33.1412519261456],
    [69.99180258819251, 33.13956191457446],
    [69.9914814613848, 33.13966002483921],
    [69.99113816266717, 33.13982943317877],
    [69.99086165169038, 33.139869614184235],
    [69.9907278941223, 33.139851762928316],
    [69.9905183526622, 33.139740274014606],
    [69.99038014249669, 33.13973139411412],
    [69.99024184143532, 33.139758061850934],
    [69.98997877856418, 33.139691241477195],
    [69.98973797826548, 33.13967785401236],
    [69.98959086287158, 33.140021223506665],
    [69.98946155759194, 33.140319978790615],
    [69.98935006243666, 33.14047154883483],
    [69.9890914517622, 33.140458153597784],
    [69.9890201202695, 33.14051170673122],
    [69.98885955623264, 33.14060084598666],
    [69.98876141860246, 33.14060086682587],
    [69.98866782436804, 33.14063210358149],
    [69.98852061787638, 33.14068115626371],
    [69.98837795476484, 33.14072125232811],
    [69.98823974416798, 33.14076143189109],
    [69.98807917994851, 33.14085945977471],
    [69.98791870655978, 33.14093083067704],
    [69.98773142697998, 33.14097097798875],
    [69.98749953099086, 33.14097989572702],
    [69.98724091961908, 33.1410200030785],
    [69.98695104941339, 33.141019994364044],
    [69.9868619074854, 33.1410378946558],
    [69.98668798528071, 33.14121181311674],
    [69.98663891631216, 33.1412786243924],
    [69.9865586794542, 33.14135892518702],
    [69.98642937360337, 33.14146150217],
    [69.98616176584463, 33.141760233039875],
    [69.98601019712554, 33.14196981485895],
    [69.98576049031398, 33.141938632144836],
    [69.98548842973264, 33.14179143926086],
    [69.98535021855439, 33.141679982908435],
    [69.98522091247621, 33.14163092692879],
    [69.98510941663241, 33.14156845931476],
    [69.98494894255005, 33.141510501452785],
    [69.9848597094937, 33.14150163091653],
    [69.98466797651271, 33.141448091442726],
    [69.98444952806544, 33.14130983631318],
    [69.98440936407549, 33.1412206556845],
    [69.98432022181792, 33.141100340708675],
    [69.98427115268039, 33.141002183948025],
    [69.98399909150992, 33.1409085770443],
    [69.98373157367425, 33.140859520654445],
    [69.98354874552838, 33.140748030526254],
    [69.98349077118571, 33.140721240327686],
    [69.98334810703012, 33.14072123923393],
    [69.983200990268, 33.140721318586046],
    [69.98254991416457, 33.14131878149978],
    [69.98243841788805, 33.141448111719214],
    [69.98234037021025, 33.14148822970379],
    [69.98220215839979, 33.14154173457854],
    [69.98202823501701, 33.1416086278434],
    [69.98176962158823, 33.14172906074054],
    [69.98152881841372, 33.14181821918124],
    [69.98131027810139, 33.14176020308372],
    [69.98111854413206, 33.14167109662282],
    [69.98090009455888, 33.141407960970994],
    [69.9807306234405, 33.14118946024454],
    [69.98060131649481, 33.14102005146119],
    [69.98040067713826, 33.14088179681651],
    [69.98019994685403, 33.140770279803434],
    [69.98015096829234, 33.14056076209149],
    [69.97998149698988, 33.140337814403495],
    [69.9798388321078, 33.140221822986895],
    [69.97954005358405, 33.140141612802935],
    [69.97936167692805, 33.13999892016677],
    [69.9792679905457, 33.139789352770315],
    [69.97921001584295, 33.139642129481814],
    [69.97899156566542, 33.13950839228911],
    [69.97892023312575, 33.13941030704288],
    [69.97879092584077, 33.139258675906426],
    [69.97872849849213, 33.13912042283872],
    [69.97867052374411, 33.13891088378984],
    [69.97858128987475, 33.13872806986864],
    [69.97843862470327, 33.13853181567676],
    [69.97830931732811, 33.13849172510046],
    [69.97801053814237, 33.13839809374719],
    [69.977867872853, 33.138282181738084],
    [69.97764933138122, 33.13816176227735],
    [69.97748885556209, 33.13805028751527],
    [69.97723914566296, 33.13781839466949],
    [69.97713210114436, 33.13764890713516],
    [69.97695817648372, 33.13763108958228],
    [69.97681996359522, 33.13755082211307],
    [69.9764722049429, 33.137448275812986],
    [69.97633844457852, 33.137368009709746],
    [69.97596833169631, 33.13725210159917],
    [69.9759103567167, 33.136890928411425],
    [69.97577205274887, 33.13673038342156],
    [69.97529943825849, 33.13639149370074],
    [69.97524146322282, 33.13619084118677],
    [69.97526817899222, 33.13575826351506],
    [69.97488916027628, 33.13541045387648],
    [69.97468851926087, 33.13523209834543],
    [69.97452804275468, 33.13512061897053],
    [69.97438083324293, 33.13508939207952],
    [69.9742783317866, 33.13508052364087],
    [69.97414002749262, 33.13504040980816],
    [69.97402862072848, 33.13495119295208],
    [69.97384133737579, 33.134808486416745],
    [69.97352020219316, 33.13476832758272],
    [69.97343996380934, 33.134411666111085],
    [69.97335972541622, 33.13414851956179],
    [69.97336863069701, 33.13396124446389],
    [69.97343996380934, 33.133872055743666],
    [69.97349793899585, 33.13376063432731],
    [69.97355146153835, 33.13363126478444],
    [69.97345786523891, 33.13348862849588],
    [69.9734087953293, 33.13332806571573],
    [69.97339089389845, 33.133212134557176],
    [69.97309220345856, 33.13298029008462],
    [69.97294944628467, 33.13291786416654],
    [69.97277115879898, 33.13286877340061],
    [69.97261949626866, 33.132891051630125],
    [69.9723697846126, 33.132788553904454],
    [69.97203983432064, 33.13268147660073],
    [69.97179902775675, 33.13261018143729],
    [69.97147798249826, 33.132561142984905],
    [69.97124162839329, 33.13249865706978],
    [69.97084924950528, 33.13247196016568],
    [69.97074220399892, 33.13240948101975],
    [69.97059063189548, 33.13236937233415],
    [69.97018925644721, 33.13241838885723],
    [69.9701179230005, 33.13240055891973],
    [69.96996189809849, 33.13249866360143],
    [69.96980132962749, 33.132529906336416],
    [69.96964085199004, 33.13255219100191],
    [69.96936878506133, 33.13256112307811],
    [69.96924847219714, 33.13257002319133],
    [69.96908790356119, 33.1326190457721],
    [69.96886045398108, 33.13266810283722],
    [69.96871778680732, 33.13269936731189],
    [69.96850823866333, 33.13274836488369],
    [69.96828078889347, 33.13281972896867],
    [69.96802217032717, 33.13285987784998],
    [69.96778136236975, 33.13291781580047],
    [69.96755845591066, 33.13297133182376],
    [69.96738007616933, 33.13289110068226],
    [69.96696979350355, 33.13273059556414],
    [69.9668315786241, 33.13270826943648],
    [69.96662202991162, 33.13270828272904],
    [69.96621174679873, 33.13269932460122],
    [69.96603791027064, 33.132627999412186],
    [69.96573912579682, 33.13257006466614],
    [69.96552957675537, 33.13249870522961],
    [69.96539127071863, 33.1324318275826],
    [69.96519953234366, 33.13218209133706],
    [69.96508812414513, 33.13203046873476],
    [69.96500779391589, 33.131901155491384],
    [69.96470010360821, 33.1316915815689],
    [69.96449055425413, 33.13165141946176],
    [69.964281004837, 33.13167818254591],
    [69.96404019558514, 33.131651488362955],
    [69.9639019801241, 33.131611295594624],
    [69.96355857683176, 33.131606824220675],
    [69.96350069168749, 33.1316113209098],
    [69.96338028693712, 33.13162917191346],
    [69.96317064631465, 33.13162916376264],
    [69.96297890732863, 33.131611316747204],
    [69.9628853096054, 33.131593470303365],
    [69.9623412612315, 33.131584560427456],
    [69.96217187644987, 33.13162913674091],
    [69.96186863760454, 33.13170051191928],
    [69.96169916183645, 33.131740626851624],
    [69.96143163539277, 33.131771863909435],
    [69.96118191972035, 33.13179858260644],
    [69.9609679165894, 33.13177182902408],
    [69.9607404643575, 33.13177188800915],
    [69.96041941399757, 33.13178076885757],
    [69.96024103242898, 33.131780787208356],
    [69.96000912723451, 33.13174067095932],
    [69.95975050559846, 33.131709429284626],
    [69.95951869111322, 33.13166932719476],
    [69.95917083293307, 33.131718344565435],
    [69.95897018738366, 33.13170048497388],
    [69.95881861271847, 33.131660360617566],
    [69.95859115978695, 33.13166041482335],
    [69.95835034857225, 33.131597981915725],
    [69.9579713206396, 33.13159791577794],
    [69.95772169460297, 33.13158907989238],
    [69.95748978857284, 33.131499815079366],
    [69.95747643034699, 33.13149536203715],
    [69.95679861364012, 33.131482032311986],
    [69.95667820773468, 33.13149987483515],
    [69.95663813300986, 33.13148198800294],
    [69.95448436307717, 33.13144187851498],
    [69.95442193354748, 33.13153994515131],
    [69.95435950401222, 33.131611341265106],
    [69.9542212866371, 33.1316915647889],
    [69.9540919747618, 33.131811963583324],
    [69.95399828497641, 33.131950246830144],
    [69.95386006753009, 33.13211969906638],
    [69.95377092135203, 33.132240054714075],
    [69.95345877333042, 33.13219105044752],
    [69.95320014927486, 33.13220885209069],
    [69.95278985828139, 33.13224009220385],
    [69.95251787565896, 33.13225788337914],
    [69.95229941710474, 33.132119654975114],
    [69.95195155533986, 33.13200821364243],
    [69.9515680711674, 33.131950252537465],
    [69.95133180119387, 33.131950217000394],
    [69.95092150910872, 33.13177187712969],
    [69.9507921966256, 33.131789706052835],
    [69.95055138273204, 33.13181195790933],
    [69.95018134703368, 33.13165145240836],
    [69.94999851006959, 33.13162914244436],
    [69.94973988473997, 33.131557789242386],
    [69.94948125931522, 33.131557801927094],
    [69.94924044497269, 33.131482014635104],
    [69.9491200377705, 33.13148198532505],
    [69.94888812889737, 33.1314998767822],
    [69.9487678125083, 33.13144191313676],
    [69.9485492619151, 33.13141956137023],
    [69.94842885459465, 33.13148200753851],
    [69.94829954165321, 33.13153103020714],
    [69.94820148916807, 33.131629148188296],
    [69.94810779859722, 33.13173169871207],
    [69.94797848559682, 33.131811999771756],
    [69.94780909734389, 33.131901162657535],
    [69.94763961817665, 33.132030478713794],
    [69.94719815428843, 33.13179860117016],
    [69.94698859969874, 33.131629173536005],
    [69.94664082618098, 33.13150875945042],
    [69.94648915797956, 33.131419544658186],
    [69.94602097648323, 33.131290288686245],
    [69.94586939902221, 33.13141065763971],
    [69.94553043971386, 33.13141065538402],
    [69.94519157111648, 33.13178074504079],
    [69.94499092157257, 33.13198139785028],
    [69.94479917761632, 33.131861038328864],
    [69.94469212812423, 33.13186101313281],
    [69.9445182862574, 33.13178965705081],
    [69.94434880629896, 33.13167820266649],
    [69.94420168130472, 33.13161131036784],
    [69.94395195950244, 33.1315890085457],
    [69.94364871278464, 33.13154887244911],
    [69.94314036303501, 33.13144186655524],
    [69.94290854306884, 33.13144189722479],
    [69.9426899906594, 33.13141961552414],
    [69.94248934040445, 33.13129916362702],
    [69.94240909846135, 33.13119216563037],
    [69.94231995083325, 33.13103165802567],
    [69.94215937602522, 33.13100046163637],
    [69.94194091425837, 33.13096922184976],
    [69.94158859453619, 33.13083099503785],
    [69.9413299661218, 33.13087107337014],
    [69.941191746189, 33.13091127194763],
    [69.94104907338324, 33.13108958598452],
    [69.9409197590892, 33.13129029812896],
    [69.94080825616173, 33.13153102628326],
    [69.9405184575174, 33.131968063270165],
    [69.94021075647504, 33.13186996685121],
    [69.94001901122148, 33.131829853525794],
    [69.9396890456896, 33.13177182393163],
    [69.93950175315042, 33.13177188074909],
    [69.93932781913225, 33.1317495591148],
    [69.939229765401, 33.13158015507028],
    [69.9391316207815, 33.131419542845926],
    [69.93893987523563, 33.13128131341844],
    [69.93873031819577, 33.13120109889765],
    [69.93841816351365, 33.131120855919214],
    [69.93811055243323, 33.13088004251821],
    [69.93786082848008, 33.130750722643256],
    [69.93775823080423, 33.130639245142675],
    [69.93746843091155, 33.130469807505854],
    [69.9371785400255, 33.13022899033584],
    [69.93700914918328, 33.13010865196052],
    [69.93675051909612, 33.13012196769578],
    [69.93621990000997, 33.13017994677885],
    [69.93616192174018, 33.12988117924908],
    [69.93597908114667, 33.12975192403138],
    [69.93601025129094, 33.12947991073074],
    [69.93605041806377, 33.12907852520416],
    [69.93624216439132, 33.128958136572955],
    [69.93646953366616, 33.12869949134033],
    [69.9367816892065, 33.128258043237324],
    [69.93682185593563, 33.128039549985395],
    [69.93683966742566, 33.1277987990557],
    [69.93683966742566, 33.12755803357392],
    [69.93676833058794, 33.12732164152805],
    [69.93667027650248, 33.12703180670427],
    [69.93674161335007, 33.126871283872035],
    [69.93670144661638, 33.12670183586449],
    [69.93666127988043, 33.126568111821626],
    [69.93675051909612, 33.1261979632397],
    [69.93680849731783, 33.125761016513856],
    [69.93687983415151, 33.125319550656776],
    [69.93696007672143, 33.125109971369795],
    [69.93687983415151, 33.124641767332506],
    [69.93690209851214, 33.12443220904502],
    [69.93699124682259, 33.124178019211],
    [69.93704922502461, 33.123990727597786],
    [69.93716963428479, 33.12391042708072],
    [69.93724542395205, 33.123856912219665],
    [69.93446746381909, 33.11995081793472],
    [69.93425790545774, 33.12008009681692],
    [69.93395020169804, 33.12021832305033],
    [69.93358897221765, 33.12032981970011],
    [69.93328135904366, 33.12046805801172],
    [69.93309851770846, 33.1205617103114],
    [69.93300037224076, 33.12057057503335],
    [69.93287996227342, 33.12060181232859],
    [69.93267930924105, 33.120641943134004],
    [69.93216204581861, 33.120748915623565],
    [69.93181871792115, 33.12073111334575],
    [69.93160915877895, 33.1207712345017],
    [69.93124792810926, 33.12069100466034],
    [69.93089124104166, 33.12069096891612],
    [69.93073075452186, 33.12072217064631],
    [69.93053900670728, 33.120798029227466],
    [69.93027146843801, 33.12094962324371],
    [69.93002174172909, 33.12075789014742],
    [69.92974975034863, 33.12057955568198],
    [69.92950892929365, 33.12045022454055],
    [69.92928146691675, 33.1203119314926],
    [69.92909871542989, 33.12008900169728],
    [69.92892032594227, 33.11999093411494],
    [69.92872857764038, 33.11999986656157],
    [69.9283584396587, 33.12009791749075],
    [69.92813997364463, 33.12012024388008],
    [69.92801956285537, 33.12008899715363],
    [69.92781890845342, 33.11994184896103],
    [69.92767178003136, 33.11984818379145],
    [69.92748003139373, 33.119750102939555],
    [69.9272303037069, 33.11966093013117],
    [69.9269583112615, 33.11959849068227],
    [69.9267978238562, 33.11943797240561],
    [69.92648121099833, 33.119420176558776],
    [69.92632953848596, 33.11946025442379],
    [69.92624929471712, 33.11942905532864],
    [69.92611997772983, 33.11938001883897],
    [69.92594167837369, 33.119371110448604],
    [69.92573202662734, 33.119380007132136],
    [69.92550020097924, 33.11932205893178],
    [69.92526828437947, 33.1192105897836],
    [69.92513006132319, 33.11921060478025],
    [69.9250096500262, 33.119179355010445],
    [69.92484916218297, 33.119058922368026],
    [69.9247198449422, 33.118992104160604],
    [69.92455935703389, 33.11899209917567],
    [69.92430962832574, 33.11900095834923],
    [69.924211481648, 33.118737925936045],
    [69.92405099362556, 33.11843911344354],
    [69.92385033810856, 33.11813144221071],
    [69.92406880543504, 33.11776133619633],
    [69.92430072242405, 33.11739125442367],
    [69.92444785154069, 33.11715935979857],
    [69.92477782414369, 33.11679818103188],
    [69.92499183824016, 33.11656182833484],
    [69.92505872331195, 33.116428051540005],
    [69.92510779659433, 33.11619177308697],
    [69.92525047259987, 33.11591978009131],
    [69.92538869563286, 33.1156611177067],
    [69.92546893949839, 33.11538913670554],
    [69.9260308280573, 33.115010088992314],
    [69.92644104368543, 33.11480052481549],
    [69.9268379002728, 33.11460881021089],
    [69.92714115417309, 33.11435015660951],
    [69.92749784311769, 33.11414949838204],
    [69.92777883209193, 33.11362780601675],
    [69.92829600782207, 33.11128230783351],
    [69.92795267806099, 33.11080513983306],
    [69.92731954410576, 33.10876293588016],
    [69.9272481154371, 33.1087183107124],
    [69.92685125907782, 33.1082188470351],
    [69.92656145474109, 33.107888923177896],
    [69.92608880715241, 33.10738946174051],
    [69.92591041691217, 33.10697031626433],
    [69.92579891162983, 33.106528845548965],
    [69.92575883515492, 33.10615875571678],
    [69.92565178279138, 33.10586004039044],
    [69.92559825660359, 33.10566824290236],
    [69.92567859132195, 33.10548993480134],
    [69.92575883515492, 33.10531152867956],
    [69.92587924632564, 33.105070764948664],
    [69.9260308280573, 33.1048210513045],
    [69.92607544833311, 33.104754169324494],
    [69.92583907897885, 33.104000536230885],
    [69.92577219398014, 33.10393814540755],
    [69.92546003361116, 33.10355021896166],
    [69.92505872331195, 33.10325144931533],
    [69.92484916218298, 33.10315779340979],
    [69.92459943357608, 33.103131023084714],
    [69.92434079898075, 33.10330940776911],
    [69.92396175281834, 33.10343876043534],
    [69.9237789999696, 33.103510042879385],
    [69.9227578187217, 33.103358471493316],
    [69.92258842445013, 33.103318372974734],
    [69.92241003333643, 33.103278169344314],
    [69.92212913312792, 33.103291543266316],
    [69.92199090946497, 33.10334952188279],
    [69.92179025337026, 33.103487784818526],
    [69.92162967392787, 33.10367951073286],
    [69.92154052369558, 33.103840041447604],
    [69.92142901773195, 33.10391137780573],
    [69.92129969987299, 33.10401842883946],
    [69.92109904358462, 33.10421909208776],
    [69.9210098932863, 33.104281487749155],
    [69.92087166940732, 33.10441084038487],
    [69.92070218381255, 33.10459810855168],
    [69.92030977679642, 33.10470956564011],
    [69.92005114065117, 33.104847838882236],
    [69.91985048401321, 33.104959255350145],
    [69.91976133355958, 33.10500831210642],
    [69.91964982731909, 33.10506186228567],
    [69.91907012181719, 33.105360560238665],
    [69.91868225777097, 33.10544090837786],
    [69.91824077589995, 33.10540073662768],
    [69.91805793071451, 33.105480962178994],
    [69.91779038777476, 33.10573965894456],
    [69.9175808245193, 33.10594029944051],
    [69.91742033501171, 33.10602055764606],
    [69.9172597545908, 33.10594026880943],
    [69.91709926501146, 33.10581990322672],
    [69.91701002333858, 33.10572174589208],
    [69.91663997017345, 33.10540077123549],
    [69.91630108782238, 33.1052401905171],
    [69.91599782933194, 33.10520008091166],
    [69.91574809764113, 33.10508857649304],
    [69.91552072176859, 33.105231323145475],
    [69.91531115785115, 33.10541853967373],
    [69.91499008690865, 33.10557911549076],
    [69.9146913717536, 33.10564151355012],
    [69.91456205268085, 33.10541859860181],
    [69.91430786747858, 33.1051688662122],
    [69.91403141711376, 33.104950395678514],
    [69.9139110039532, 33.10470064998411],
    [69.91372815766636, 33.104152160124336],
    [69.91345170707886, 33.10407190970976],
    [69.91321088054369, 33.10399169141367],
    [69.91296123876353, 33.10405851022724],
    [69.91230128253775, 33.10403181631007],
    [69.91198021025282, 33.103929196097766],
    [69.91177955136186, 33.10388014573829],
    [69.91164132570748, 33.10385792368655],
    [69.9115520833577, 33.10379993652195],
    [69.91136932735027, 33.10367954274999],
    [69.91108833194669, 33.10351002856561],
    [69.91062012720171, 33.10374196358429],
    [69.91025897682786, 33.10396044353237],
    [69.91001814922595, 33.104071948794456],
    [69.9096302803004, 33.10393814043555],
    [69.90937164031527, 33.103621548148155],
    [69.90887217225324, 33.10288135734366],
    [69.90868941556705, 33.10275206872466],
    [69.90835498252582, 33.10274755557374],
    [69.90834153249808, 33.102752055289514],
    [69.90793130653223, 33.102970548277085],
    [69.907610232303, 33.10317119380301],
    [69.90735168247326, 33.10331833663036],
    [69.90706177939076, 33.10345208111917],
    [69.9068879283642, 33.1035501733667],
    [69.90667836193789, 33.10359034242953],
    [69.90616107976186, 33.103550197157496],
    [69.90597823151137, 33.10348773562809],
    [69.9054119650906, 33.10325144767076],
    [69.90521130437489, 33.10304185792108],
    [69.90505962737488, 33.102890271259916],
    [69.90486796358287, 33.102921496924786],
    [69.90459141872385, 33.10293933804077],
    [69.90427934004106, 33.103001776182396],
    [69.90401179198928, 33.10309093020737],
    [69.90347224250961, 33.10306861369985],
    [69.90315116630218, 33.103148887250256],
    [69.90302184516288, 33.102890236664585],
    [69.90290588325027, 33.102667326666236],
    [69.89951698813552, 33.102618285561114],
    [69.89949917571928, 33.10261826685045],
    [69.89947245709415, 33.102618238778504],
    [69.89860737291458, 33.102604863774424],
    [69.89857165715735, 33.102618228982884],
    [69.89856720404754, 33.10260488841285],
    [69.89376473646391, 33.10253349641721],
    [69.89369784849266, 33.10263161304488],
    [69.89351954112632, 33.102778816944195],
    [69.89330997084288, 33.10302845599228],
    [69.8931404787873, 33.10325146739435],
    [69.89285956720262, 33.103469974981195],
    [69.89265890302157, 33.10351004006766],
    [69.89252067372342, 33.103527882029745],
    [69.89218178008694, 33.103541254197474],
    [69.8918606988966, 33.10360815133287],
    [69.89161995607168, 33.10367064113707],
    [69.89134795020988, 33.10363940316765],
    [69.8911383793031, 33.10355021745519],
    [69.89061217975359, 33.10318005905661],
    [69.89039815547609, 33.102948211823474],
    [69.89024211310775, 33.10276097898467],
    [69.89014841496606, 33.102569207365924],
    [69.89002799784105, 33.10242202084017],
    [69.88968019672032, 33.10246221130992],
    [69.88932794226798, 33.10243991673437],
    [69.88903812288163, 33.102381900318825],
    [69.88888208022311, 33.10235962896031],
    [69.8886100733428, 33.10238189093926],
    [69.88840940799508, 33.10243989317307],
    [69.88810168466934, 33.102488932226336],
    [69.88775833580884, 33.10275203322602],
    [69.8875220448108, 33.10277879351705],
    [69.8869602172163, 33.10273866619305],
    [69.88683089320399, 33.10276984609708],
    [69.88663022736881, 33.102818953675296],
    [69.88658115147683, 33.102867940798824],
    [69.88650090329827, 33.10293928087099],
    [69.88614864731647, 33.10302851222775],
    [69.88596134085475, 33.103131056431565],
    [69.88592117129194, 33.103300480522705],
    [69.88589890535688, 33.10338079354539],
    [69.88580975072843, 33.10355024108413],
    [69.88572950246541, 33.10359927228648],
    [69.88568042651315, 33.10362158826456],
    [69.88552883632875, 33.10079004099068],
    [69.88180096210421, 33.09999186452216],
    [69.87969186337769, 33.09624619258951],
    [69.87512574891633, 33.09415044925252],
    [69.8750186890885, 33.094190538108194],
    [69.87484928369254, 33.09426191156676],
    [69.87467088086498, 33.09430205939615],
    [69.87433197899192, 33.094310939364085],
    [69.8741179499735, 33.09427078058934],
    [69.87377904784682, 33.09420837112901],
    [69.87348922233286, 33.09408800399185],
    [69.87320830323303, 33.09398987346304],
    [69.87294074382291, 33.09398099228035],
    [69.8728604941576, 33.09398095678502],
    [69.87265091798042, 33.09407012260829],
    [69.87252159145463, 33.09420838507758],
    [69.87245024828069, 33.09453837209967],
    [69.872138155895, 33.094859440928175],
    [69.87203109563451, 33.09488174498705],
    [69.87188840918519, 33.09493075585465],
    [69.87167883273267, 33.095118039249094],
    [69.87162084929778, 33.09526076840942],
    [69.87154059948932, 33.09551936990735],
    [69.8715985829305, 33.09581810393838],
    [69.87146034967216, 33.09589839899183],
    [69.87133102293834, 33.095951870301974],
    [69.87118833635407, 33.09584933518606],
    [69.87106791612622, 33.09575127402388],
    [69.8708003559423, 33.09563084715691],
    [69.87052843326506, 33.09554162689295],
    [69.87031885642767, 33.0955015481603],
    [69.87013154594304, 33.09530978985944],
    [69.86981936169677, 33.09518936944448],
    [69.8695384412044, 33.09506003210359],
    [69.86945819117037, 33.095251789741894],
    [69.86933777066132, 33.09534099552801],
    [69.8690479434088, 33.09543019351104],
    [69.86887853664619, 33.0954703557174],
    [69.86874030288044, 33.09554167418749],
    [69.86858870921422, 33.095470322049046],
    [69.86836122777328, 33.09548815067384],
    [69.86804022707553, 33.09555952346747],
    [69.86772804194892, 33.09555952454608],
    [69.86750065112777, 33.0956620683396],
    [69.86725099373912, 33.09572893912236],
    [69.86709930888499, 33.0958180835792],
    [69.86695216818501, 33.0959206661158],
    [69.86687191787126, 33.09608122053437],
    [69.86668015321324, 33.096250648208795],
    [69.86655091652955, 33.09634874131648],
    [69.86650183930197, 33.09646916737235],
    [69.86642158893957, 33.096611857989],
    [69.86614066716098, 33.09680806342612],
    [69.86586865189207, 33.09696855541891],
    [69.86560999645215, 33.097160343243715],
    [69.86544949552604, 33.09728068205133],
    [69.86535134092222, 33.097369909171746],
    [69.86518193331624, 33.09757057188245],
    [69.86485193373261, 33.09758839867972],
    [69.86449076078996, 33.09758840190481],
    [69.86424110239015, 33.09746800075092],
    [69.86412958767195, 33.09764190670581],
    [69.86403152377798, 33.097682006536196],
    [69.86387093162715, 33.09782026977678],
    [69.86368816372118, 33.09786040113184],
    [69.86346967830877, 33.097641926045405],
    [69.86305942724049, 33.0974991943835],
    [69.86284094164355, 33.09746797756305],
    [69.86251984767783, 33.09731188437831],
    [69.8623102685811, 33.09721828669809],
    [69.86205161190428, 33.097427840982846],
    [69.86176178181081, 33.09758837464795],
    [69.86144077826437, 33.09770877737254],
    [69.86121774797262, 33.097771205506355],
    [69.8609680884756, 33.097869333324525],
    [69.86058010272808, 33.09795849367336],
    [69.86012976998988, 33.098029866627314],
    [69.85982212577328, 33.098038750873485],
    [69.85938951507983, 33.09802090608792],
    [69.85904179042052, 33.09802981283874],
    [69.858890103894, 33.09805210259893],
    [69.85860917927486, 33.09815024524789],
    [69.85840859666915, 33.098230507128214],
    [69.85815884534759, 33.09827955413866],
    [69.85802060959114, 33.09816804160996],
    [69.85782884265456, 33.09802087857479],
    [69.85754791763634, 33.0978915966952],
    [69.8573918683328, 33.09778902932346],
    [69.85676757990785, 33.097467966197016],
    [69.85468967453004, 33.09801199948249],
    [69.85460942289666, 33.09805211451381],
    [69.85436857705972, 33.098141331181246],
    [69.85429723214597, 33.098114542401206],
    [69.85421252709305, 33.09813687178913],
    [69.85419026020523, 33.09815914427406],
    [69.85406093047231, 33.09823941936419],
    [69.85393160071706, 33.09831969413556],
    [69.85387806927986, 33.09839104267525],
    [69.85373983273246, 33.098440109012365],
    [69.8536284073312, 33.098511453268436],
    [69.8532404177745, 33.09860058076201],
    [69.8529105037981, 33.098770073318576],
    [69.8527410024838, 33.09881907565762],
    [69.85253142064487, 33.098868181967326],
    [69.85237982368412, 33.09888150431156],
    [69.85228175824774, 33.09889047760025],
    [69.85209889662127, 33.09893056930769],
    [69.85180906266973, 33.09898850903787],
    [69.85158166699816, 33.099171334121195],
    [69.85133200428494, 33.09968861624013],
    [69.85111796865655, 33.099800099157015],
    [69.85104207915157, 33.09981789606501],
    [69.85090838636425, 33.09984911807617],
    [69.85080132305445, 33.09996958463383],
    [69.85060064747171, 33.100121168739264],
    [69.85040896952127, 33.100130063572045],
    [69.85023946764193, 33.10024152914136],
    [69.85006114980587, 33.10022822128649],
    [69.84987828763846, 33.10017908833723],
    [69.84974005035414, 33.10013003881904],
    [69.84960181304439, 33.10007210019772],
    [69.84949038702867, 33.100049855889544],
    [69.84933869856799, 33.10004085263179],
    [69.84920945888472, 33.100058745415296],
    [69.84887945225086, 33.10003198750178],
    [69.84863869546072, 33.1000899239179],
    [69.84843801930042, 33.100147921736976],
    [69.84829087492602, 33.10021037935805],
    [69.84814818393633, 33.100179098823425],
    [69.84805902477554, 33.10014791642276],
    [69.84797868154718, 33.1001300658649],
    [69.8478003631748, 33.10013897636164],
    [69.84763985842633, 33.10013902541526],
    [69.84743027516417, 33.100147953704166],
    [69.84725186577575, 33.100130099070114],
    [69.84706909381131, 33.10020138778406],
    [69.8468817774954, 33.10029059602833],
    [69.8468015250275, 33.100361977257776],
    [69.84648042418415, 33.10028164555949],
    [69.84637790455403, 33.1005314256403],
    [69.84619949491625, 33.100451100601816],
    [69.84602117612242, 33.100451118811556],
    [69.84586067099465, 33.10045116479788],
    [69.84566890095003, 33.100691883142154],
    [69.84552175603436, 33.10077219504913],
    [69.84534789051018, 33.10070975086029],
    [69.84520965239359, 33.10074094140973],
    [69.84503124247915, 33.1008480184166],
    [69.84480829819151, 33.10086136356562],
    [69.84467005997597, 33.100758811235],
    [69.84442930183988, 33.10095944802055],
    [69.84428215668223, 33.100928237468885],
    [69.84404130753582, 33.10083018188268],
    [69.84397441508, 33.100816809229414],
    [69.8434749936361, 33.10095055088132],
    [69.843421552341, 33.10100848822778],
    [69.84319851669099, 33.10133851206273],
    [69.84299792996819, 33.10144103631496],
    [69.84296221152943, 33.10120023114232],
    [69.84294439775269, 33.10108876575293],
    [69.81804923632403, 33.10760352181122],
    [69.81803142196442, 33.1076213447049],
    [69.8178798181118, 33.107991487754404],
    [69.81783073772145, 33.10811184881715],
    [69.81749181027361, 33.10819210300377],
    [69.8172019631099, 33.108241194849704],
    [69.81680959222209, 33.10825905364648],
    [69.81669816139836, 33.10830803429603],
    [69.81655991807827, 33.10842845580754],
    [69.81650193040602, 33.1085087243868],
    [69.81643058193183, 33.108571193476],
    [69.81630124576364, 33.108749478340656],
    [69.81614964156972, 33.10892788458033],
    [69.81590887441614, 33.10915975485129],
    [69.81566810718722, 33.109400592671285],
    [69.81544070069795, 33.10966811494647],
    [69.81525783020294, 33.109619005473306],
    [69.81510177219647, 33.10948084737961],
    [69.8150081555554, 33.10936932013877],
    [69.81462914437756, 33.10925784129203],
    [69.81453098317877, 33.109520934706424],
    [69.81441955202499, 33.10960117945116],
    [69.81433929613506, 33.10968148413219],
    [69.81432139079948, 33.10981078626934],
    [69.81437937863605, 33.11007833876325],
    [69.81434820335768, 33.1101318457939],
    [69.81408062307393, 33.110399350313635],
    [69.81388884502803, 33.11055099449219],
    [69.8137283331292, 33.11068033242265],
    [69.81338949476412, 33.11076946750801],
    [69.81321998463555, 33.11093003904652],
    [69.81318880931023, 33.11113955423691],
    [69.81309073881808, 33.11142050967579],
    [69.81297921656575, 33.11158104278728],
    [69.81280088999672, 33.11183072150683],
    [69.81243078497766, 33.112191964033585],
    [69.81231035538379, 33.11245055705299],
    [69.81211866778766, 33.11279836683023],
    [69.81191798200295, 33.112967837967474],
    [69.81166821538275, 33.113141721699044],
    [69.81157905195181, 33.1132888961474],
    [69.81144971496892, 33.11348954055358],
    [69.81129810982013, 33.11364118314904],
    [69.81120003908751, 33.11373033071941],
    [69.81091018955561, 33.113948808729354],
    [69.81086119961144, 33.11407813831457],
    [69.81066051349966, 33.114198563934586],
    [69.81041074647247, 33.11429213510969],
    [69.8089927626303, 33.11603570935579],
    [69.80897940170357, 33.11608027709439],
    [69.80894822620698, 33.116240820616134],
    [69.80893041163692, 33.11642813094219],
    [69.80893041163692, 33.1167491774739],
    [69.80885906246195, 33.11710141153739],
    [69.80894822620698, 33.11730211534843],
    [69.80901957537371, 33.117471517744626],
    [69.80913100730757, 33.11760973561611],
    [69.80922916919357, 33.11774802394242],
    [69.8093406010972, 33.11785941930816],
    [69.80918008825213, 33.11822955579283],
    [69.80921126373937, 33.11842132206761],
    [69.8090685654347, 33.11860859270782],
    [69.80905965815111, 33.11877806277729],
    [69.80856030476224, 33.118938550130494],
    [69.8083818862817, 33.118969736571934],
    [69.80828826882512, 33.11899207482725],
    [69.80818119952592, 33.11905896367565],
    [69.80799841820075, 33.11917934163695],
    [69.80782009048139, 33.119491510469096],
    [69.80766848462035, 33.11961186804762],
    [69.80715122483129, 33.11998200944848],
    [69.80692826948611, 33.12008903967281],
    [69.80677211890446, 33.12020936991521],
    [69.80646890674207, 33.120401124959116],
    [69.80593828517218, 33.12072219139073],
    [69.8058313064389, 33.12079797589901],
    [69.80570196849442, 33.120931783490526],
    [69.80554145489448, 33.121141381472285],
    [69.8054121169016, 33.12139102733864],
    [69.80534967472865, 33.121449049460914],
    [69.80509108954838, 33.12160955712673],
    [69.80509108954838, 33.12185036699856],
    [69.80497956614174, 33.12210004666559],
    [69.80477896939514, 33.122251719512484],
    [69.80463181660605, 33.122340894334364],
    [69.80445785088853, 33.12251917962862],
    [69.80420817275028, 33.122648519448205],
    [69.80411010111884, 33.12270202245291],
    [69.80397185554503, 33.122719885292994],
    [69.80377116764647, 33.122800127875806],
    [69.80368200330533, 33.12285809145973],
    [69.80346795430998, 33.1230097157814],
    [69.80317810188203, 33.12322821500927],
    [69.80299977305319, 33.123500205664854],
    [69.80290170126901, 33.12362955900036],
    [69.80287934199117, 33.123839119535575],
    [69.80282144418338, 33.124200324182304],
    [69.80280799225882, 33.12460158859393],
    [69.8027500944457, 33.124860283627335],
    [69.802718827807, 33.12514114915813],
    [69.80279908490324, 33.12543996736489],
    [69.80284816624903, 33.12567183514744],
    [69.80278127019176, 33.12585908473188],
    [69.80261184862958, 33.126090937485245],
    [69.80246024174967, 33.12630053242554],
    [69.8023709863665, 33.126541355681574],
    [69.80232199588195, 33.12660821706184],
    [69.80222837769325, 33.126750900774546],
    [69.8021391222834, 33.126920314913455],
    [69.80203214302611, 33.12707193640525],
    [69.80191171181403, 33.12728151140987],
    [69.8017022069062, 33.12733055908746],
    [69.80160849775126, 33.127388573465986],
    [69.80148815736501, 33.1274108425011],
    [69.80130082988379, 33.127450954309346],
    [69.80113140799868, 33.12746882503885],
    [69.80090845092302, 33.12748220568854],
    [69.8006899474733, 33.12755803498644],
    [69.80056060867194, 33.12767841107125],
    [69.80048035134448, 33.127968209124624],
    [69.80039118662552, 33.1281778608498],
    [69.8002084034643, 33.12833834789208],
    [69.80002107567468, 33.12857021487126],
    [69.7999408182915, 33.12886009123064],
    [69.79998989981786, 33.12914994666759],
    [69.80011024043606, 33.129350534179125],
    [69.80003889044941, 33.12948881531809],
    [69.7999408182915, 33.12952001333605],
    [69.79978030350036, 33.12960025490836],
    [69.79968223130983, 33.129921349024],
    [69.79941019225885, 33.13041181028102],
    [69.79936111069591, 33.130621376529206],
    [69.79932102741722, 33.13105843238533],
    [69.79928085324467, 33.131299193724],
    [69.79920059578514, 33.13158009328082],
    [69.79908025502625, 33.13145082982298],
    [69.79890183436537, 33.13141066373379],
    [69.79871014345181, 33.13125910098717],
    [69.79854953751493, 33.1311520119938],
    [69.79821069250944, 33.13116091940257],
    [69.79791193070982, 33.1311297695348],
    [69.7977603229137, 33.13115202980072],
    [69.7976487984549, 33.13126799121403],
    [69.79750173520775, 33.13145973449668],
    [69.7973679421677, 33.131490917095675],
    [69.79730995305758, 33.13153996703315],
    [69.7972118805559, 33.13155783421766],
    [69.79710035601863, 33.13162912634579],
    [69.79698001493524, 33.13165146868556],
    [69.79689075892333, 33.13166925746553],
    [69.7967882326567, 33.13171837347353],
    [69.7967481492456, 33.131780803543094],
    [69.79661880978936, 33.13177185130705],
    [69.79651173888108, 33.13178968269633],
    [69.79632004737947, 33.13182986685935],
    [69.79623978961493, 33.13194130235208],
    [69.79600792370516, 33.13199931470896],
    [69.79589194527833, 33.13207956113627],
    [69.79581168746974, 33.132128560248354],
    [69.7956378106715, 33.13220884262522],
    [69.79560209002807, 33.132271266090186],
    [69.79549956359202, 33.13228912117193],
    [69.79533014044479, 33.13236044620323],
    [69.79508927592859, 33.13237827774565],
    [69.79499120314769, 33.132329264929766],
    [69.79480841871961, 33.132240070535914],
    [69.79467017149324, 33.132061722951235],
    [69.79449184071535, 33.131941279212334],
    [69.79438031578923, 33.131878894773784],
    [69.79425097594051, 33.13178965385818],
    [69.79397011843001, 33.131771873172795],
    [69.7936713550062, 33.13177188705418],
    [69.79322098279, 33.13174068370702],
    [69.79302919958788, 33.1315890163832],
    [69.79286868337398, 33.13128138694372],
    [69.7928196013994, 33.13121890906002],
    [69.79268144471364, 33.131152036572004],
    [69.79252983590145, 33.130661561570264],
    [69.79261900151937, 33.13050103943211],
    [69.79269925965608, 33.13014874736949],
    [69.79273043580434, 33.12997039330821],
    [69.79265908514247, 33.12981877653331],
    [69.79260109568256, 33.129698366347476],
    [69.79262790899135, 33.12964933145034],
    [69.79264127019913, 33.12946205255309],
    [69.79264127019913, 33.12934162199305],
    [69.79265017767084, 33.12910974681313],
    [69.79260109568256, 33.128940327872954],
    [69.79252983590145, 33.12878872516877],
    [69.79244057938077, 33.128628167650824],
    [69.79240049574648, 33.12853010434743],
    [69.79231133010363, 33.128369561801826],
    [69.7922399794035, 33.12824920268922],
    [69.79212845415603, 33.12815103177976],
    [69.79206155717841, 33.128070826330344],
    [69.79196793775722, 33.127910273220635],
    [69.79190994824606, 33.1277809768494],
    [69.7918207825473, 33.127678428323264],
    [69.79178960636276, 33.127620445978295],
    [69.79167808105107, 33.12741089095067],
    [69.79156219287415, 33.12717896546918],
    [69.79148193462078, 33.126951561286575],
    [69.7914685733932, 33.126768743142705],
    [69.79141949133076, 33.12670182089051],
    [69.79133923306276, 33.12654129581138],
    [69.79124115981129, 33.1264699863763],
    [69.79120989271092, 33.126398661501995],
    [69.79115190314357, 33.12627824798806],
    [69.79104046863374, 33.1261712062084],
    [69.79091112823255, 33.12605086476801],
    [69.79082196242, 33.125961641371894],
    [69.79075951907731, 33.125948242288125],
    [69.79013081341223, 33.12609988820025],
    [69.78993902945268, 33.12615781943552],
    [69.78976960510055, 33.126211373315314],
    [69.78964026448946, 33.12623811696404],
    [69.78950210724251, 33.12627826451923],
    [69.78935940532371, 33.126291651110215],
    [69.78923006464493, 33.12635853827009],
    [69.78913199112935, 33.1263718755514],
    [69.78902046543917, 33.12641198485937],
    [69.78890012311186, 33.12646105581076],
    [69.78877968987304, 33.12656810614282],
    [69.78857899806492, 33.12663053809202],
    [69.7884095734188, 33.12676873637222],
    [69.7882802325833, 33.126817770626886],
    [69.78807072401675, 33.12687131193384],
    [69.78786112450112, 33.12692039523311],
    [69.78762925610788, 33.12696942741621],
    [69.78750882267393, 33.127009514032025],
    
    ], //BEZ
      [69.5246, 29.8995], //BHC
      [71.0854, 31.6082], //BHK
      [71.6911, 29.3544], //BHV
      [64.6945, 29.3058], //CHAH
      [72.863, 32.9328], //CHL
      [71.8097, 34.9161], //CTR
      [70.6455, 30.0489], //DGK
      [70.9019, 31.8626], //DIK
      [73.135, 31.4504], //FSD
      [74.1945, 32.1877], //GWJ
      [73.6895, 32.0712], //HAF
      [68.3578, 25.396], //HYD
      [73.0479, 33.6844], //ISB
      [73.7257, 32.9425], //JHE
      [72.3317, 31.2781], //JHG
      [71.932, 30.2864], //KHAN
      [72.8781, 33.7328], //KHUR
      [72.3489, 32.2955], //KHUS
      [70.9428, 30.9693], //LAY
      [74.3587, 31.5204], //LHR
      [71.6276, 29.5467], //LOD
      [73.4828, 32.5742], //MAD
      [72.3602, 34.7717], //MGO
      [71.537, 32.5839], //MNW
      [72.0404, 34.1986], //MRD
      [71.5249, 30.1575], //MUL
      [71.1805, 30.0736], //MUZ
      [74.88, 32.1014], //NAR
      [73.4534, 30.8138], //OKD
      [64.1478, 26.7303], //PANJ
      [71.5249, 34.0151], //PES
      [73.3827, 30.3495], //PPT
      [74.4672, 31.1137], //QAS
      [66.975, 30.1798], //QET
      [70.3301, 29.1044], //RAP
      [73.0169, 33.5651], //RWP
      [70.2989, 28.4212], //RYK
      [73.1114, 30.6682], //SAH
      [72.6861, 32.074], //SAR
      [73.985, 31.7167], //SHP
      [74.5229, 32.4945], //SIA
      [75.551, 35.3247], //SKD
      [72.4258, 35.2227], //SWT
      [70.2408, 24.8777], //THAR
      [67.9106, 24.7475], //THT
      [72.4826, 30.9709], //TTS
      [63.0383, 26.0081], //TUR
      [69.7376, 25.3549], //UMK
      [73.255, 29.9994], //WGB
      [72.3441, 30.0442], //VEH